[gd_scene load_steps=33 format=3 uid="uid://dlypsuxn3noka"]

[ext_resource type="Script" path="res://scripts/camera.gd" id="1_473u7"]
[ext_resource type="Shader" path="res://shaders/starry_sky.gdshader" id="1_qur6l"]
[ext_resource type="Script" path="res://scripts/game_manager.gd" id="1_xhrch"]
[ext_resource type="PackedScene" uid="uid://mng8q3q44jxx" path="res://assets/tv/TV3D.tscn" id="2_pv8vt"]
[ext_resource type="PackedScene" uid="uid://c22n6icpny0xs" path="res://assets/switch_board/SwitchBoard3D.tscn" id="6_dibri"]
[ext_resource type="PackedScene" uid="uid://b41kfcvyxm41" path="res://assets/radar/radar3D.tscn" id="7_svoui"]
[ext_resource type="PackedScene" uid="uid://b7nsa5i18irpp" path="res://assets/steering_wheel/steering_wheel.tscn" id="9_16cqi"]
[ext_resource type="PackedScene" uid="uid://di5m7q1dn3fnr" path="res://assets/emergency_button/EmergencyButton.tscn" id="10_4wdnr"]
[ext_resource type="PackedScene" uid="uid://34brr0liwy6h" path="res://assets/pressure_meter/PressureMeter.tscn" id="10_c6tiw"]
[ext_resource type="PackedScene" uid="uid://4ig533l63s52" path="res://assets/static/wiredecoration variation2.fbx" id="11_2og37"]
[ext_resource type="PackedScene" uid="uid://cfixw202boyp3" path="res://assets/static/shel&table.fbx" id="11_v3bio"]
[ext_resource type="PackedScene" uid="uid://c5feks1b71nmw" path="res://assets/static/wiredecoration.fbx" id="12_esay2"]
[ext_resource type="PackedScene" uid="uid://cssp4amv7nb6k" path="res://assets/depth_meter/depth_meter.tscn" id="13_drp40"]
[ext_resource type="PackedScene" uid="uid://dnoj2me3x0o86" path="res://assets/radio/radio.tscn" id="13_ix7dp"]
[ext_resource type="PackedScene" uid="uid://cnpsy8ld4gjym" path="res://assets/static/sticky_notes/paper.fbx" id="15_7yk1y"]
[ext_resource type="PackedScene" uid="uid://cxtomaylbqc2p" path="res://assets/static/pipes/n_pipe.tscn" id="15_aupjh"]
[ext_resource type="PackedScene" uid="uid://rv0y5e6n24pw" path="res://assets/static/pipes/h_pipe.tscn" id="15_hgri2"]
[ext_resource type="PackedScene" uid="uid://edsgu6xwdq5w" path="res://assets/static/sticky_notes/stickynote blue.fbx" id="16_lxjki"]
[ext_resource type="FontFile" uid="uid://cyjp3apxuvr2b" path="res://assets/fonts/DMSerifDisplay-Regular.ttf" id="17_4vb2h"]
[ext_resource type="PackedScene" uid="uid://cc3wurphdwbqc" path="res://assets/static/sticky_notes/stickynote yellow.fbx" id="17_tvvgt"]
[ext_resource type="Script" path="res://scripts/cursor_manager.gd" id="20_rgvsj"]
[ext_resource type="Texture2D" uid="uid://dybc3d8bb6a56" path="res://sprites/cursor/cursor.png" id="21_5jwbr"]
[ext_resource type="Texture2D" uid="uid://cc84n2usdk8u5" path="res://sprites/cursor/cursor_grab.png" id="22_cxslk"]
[ext_resource type="PackedScene" uid="uid://cotnxrn8eoecs" path="res://scenes/main_menu.tscn" id="24_x7rpw"]

[sub_resource type="ShaderMaterial" id="ShaderMaterial_ujg4p"]
shader = ExtResource("1_qur6l")
shader_parameter/sky_color = Color(0.0148744, 0, 0.315385, 1)
shader_parameter/star_base_color = Color(1.54018e-06, 0.276968, 0.382507, 1)
shader_parameter/star_hue_offset = 0.0
shader_parameter/star_intensity = 0.08
shader_parameter/star_twinkle_speed = 0.968
shader_parameter/star_twinkle_intensity = 0.406
shader_parameter/layer_scale = 20.0
shader_parameter/layer_scale_step = 10.0
shader_parameter/layers_count = 3

[sub_resource type="Sky" id="Sky_7hub4"]
sky_material = SubResource("ShaderMaterial_ujg4p")

[sub_resource type="Environment" id="Environment_h7fa3"]
background_mode = 2
sky = SubResource("Sky_7hub4")
glow_enabled = true
glow_intensity = 5.84
glow_strength = 1.27
glow_blend_mode = 0
glow_hdr_luminance_cap = 17.17

[sub_resource type="CameraAttributesPractical" id="CameraAttributesPractical_e2nei"]

[sub_resource type="StandardMaterial3D" id="StandardMaterial3D_j32nj"]
albedo_color = Color(0, 0, 0, 1)

[sub_resource type="TextMesh" id="TextMesh_8heuw"]
material = SubResource("StandardMaterial3D_j32nj")
text = "Click this button if blip on radar"
font = ExtResource("17_4vb2h")
font_size = 8
autowrap_mode = 2
depth = 0.0
width = 50.0

[sub_resource type="StandardMaterial3D" id="StandardMaterial3D_wadwn"]
albedo_color = Color(0, 0, 0, 1)

[sub_resource type="TextMesh" id="TextMesh_0wdyb"]
material = SubResource("StandardMaterial3D_wadwn")
text = "Pressure Relief Button"
font = ExtResource("17_4vb2h")
font_size = 11
autowrap_mode = 2
depth = 0.0
width = 40.0

[node name="Main" type="Node3D"]

[node name="WorldEnvironment" type="WorldEnvironment" parent="."]
environment = SubResource("Environment_h7fa3")
camera_attributes = SubResource("CameraAttributesPractical_e2nei")

[node name="GameManager" type="Node" parent="."]
script = ExtResource("1_xhrch")

[node name="Timer" type="Timer" parent="GameManager"]
unique_name_in_owner = true
wait_time = 5.0

[node name="MainMenu" parent="." instance=ExtResource("24_x7rpw")]
transform = Transform3D(3, 0, 0, 0, 3, 0, 0, 0, 3, -0.00648785, 2.23844, 5.94065)

[node name="DirectionalLight3D" type="DirectionalLight3D" parent="."]
transform = Transform3D(1, 0, 0, 0, 0.725134, 0.688608, 0, -0.688608, 0.725134, -0.629082, 5.71043, 15.2104)

[node name="DirectionalLight3D2" type="DirectionalLight3D" parent="."]
transform = Transform3D(1, 0, 0, 0, -0.413104, -0.910684, 0, 0.910684, -0.413104, 0.370918, 5.71043, 15.2104)

[node name="Camera3D" type="Camera3D" parent="."]
transform = Transform3D(1, 0, 0, 0, 0.978386, 0.206785, 0, -0.206785, 0.978386, -0.0171624, 2.55786, 10.5688)
script = ExtResource("1_473u7")

[node name="Shell & Table" parent="." instance=ExtResource("11_v3bio")]

[node name="TV" parent="." instance=ExtResource("2_pv8vt")]
transform = Transform3D(0.62742, 0, -0.778682, 0, 1, 0, 0.778682, 0, 0.62742, 6.52922, -0.562336, 1.14999)

[node name="SwitchBoard3d" parent="." instance=ExtResource("6_dibri")]
transform = Transform3D(0.254974, -0.325547, -0.910499, 0.109373, 0.945288, -0.307357, 0.960741, -0.0212163, 0.276631, 6.711, 3.603, 2.774)

[node name="Radar" parent="." instance=ExtResource("7_svoui")]
transform = Transform3D(1.71428, 0, 1.03017, 0, 2, 0, -1.03017, 0, 1.71428, -3.29512, -8.45262, -4.77058)

[node name="SteeringWheel" parent="." instance=ExtResource("9_16cqi")]
transform = Transform3D(1, 0, 0, 0, 0.95921, 0.282693, 0, -0.282693, 0.95921, 0.0221002, -3.1864, 4.2839)

[node name="PressureMeter" parent="." instance=ExtResource("10_c6tiw")]
transform = Transform3D(0.240472, 0.437553, 1.62503, 1.93203e-08, 1.64154, -0.441998, -1.68291, 0.0625224, 0.232202, -6.76614, 1.84123, 8.62311)

[node name="EmergencyButton" parent="." instance=ExtResource("10_4wdnr")]
transform = Transform3D(1.19249e-08, 0, -1, 0, 1, 0, 1, 0, 1.19249e-08, 7.88344, 2.0251, 5.32589)

[node name="Radio" parent="." instance=ExtResource("13_ix7dp")]
transform = Transform3D(0.505492, 0, 0.862831, 0, 1, 0, -0.862831, 0, 0.505492, -6.98238, 0, 5.73886)

[node name="DepthMeter" parent="." instance=ExtResource("13_drp40")]
unique_name_in_owner = true
transform = Transform3D(0.844328, 0, -0.535827, 0, 1, 0, 0.535827, 0, 0.844328, 1.6242, 1.58847, 1.23494)

[node name="Decoration" type="Node" parent="."]

[node name="Paper" type="Node" parent="Decoration"]

[node name="paper_tv2" parent="Decoration/Paper" instance=ExtResource("15_7yk1y")]
transform = Transform3D(0.981293, 0, 0.192522, 0, 1, 0, -0.192522, 0, 0.981293, 11.1071, -13.3301, -1.08974)

[node name="paper_tv" parent="Decoration/Paper" instance=ExtResource("15_7yk1y")]
transform = Transform3D(0.899558, 0, -0.436802, 0, 1, 0, 0.436802, 0, 0.899558, 11.085, -13.945, 3.482)

[node name="Wire" type="Node" parent="Decoration"]

[node name="wire deco left" parent="Decoration/Wire" instance=ExtResource("11_2og37")]
transform = Transform3D(1, 0, 0, 0, 1, 0, 0, 0, 1, -1.00261, 0.327853, 4.08865)

[node name="wire deco right" parent="Decoration/Wire" instance=ExtResource("12_esay2")]
transform = Transform3D(1, 0, 0, 0, 1, 0, 0, 0, 1, 2.88519, -0.538068, 0.394241)

[node name="wiredecoration" parent="Decoration/Wire" instance=ExtResource("12_esay2")]
transform = Transform3D(-2.18557e-08, 0, 0.5, 0, 0.5, 0, -0.5, 0, -2.18557e-08, 4.18982, -4.74303, 4.77623)

[node name="Sticky Note" type="Node" parent="Decoration"]

[node name="sticky_note_radar" parent="Decoration/Sticky Note" instance=ExtResource("16_lxjki")]
transform = Transform3D(2.17589, 0, 1.23106, 0, 2.5, 0, -1.23106, 0, 2.17589, -6.769, -6.784, -8.568)

[node name="MeshInstance3D" type="MeshInstance3D" parent="Decoration/Sticky Note/sticky_note_radar"]
transform = Transform3D(1, 0, -5.96046e-08, 0, 1, 0, 5.96046e-08, 0, 1, -1.06829, 3.27104, 3.95547)
mesh = SubResource("TextMesh_8heuw")

[node name="sticky_note_pressure" parent="Decoration/Sticky Note" instance=ExtResource("17_tvvgt")]
transform = Transform3D(-8.74228e-08, 0, -2, 0, 2, 0, 2, 0, -8.74228e-08, 15.7311, -4.84444, 10.2711)

[node name="MeshInstance3D" type="MeshInstance3D" parent="Decoration/Sticky Note/sticky_note_pressure"]
transform = Transform3D(1, 0, 0, 0, 0.99863, 0.052336, 0, -0.052336, 0.99863, -1.65961, 3.24989, 3.92976)
mesh = SubResource("TextMesh_0wdyb")

[node name="Pipes" type="Node" parent="."]

[node name="HPipe" parent="Pipes" instance=ExtResource("15_hgri2")]
transform = Transform3D(0.211325, 0, -0.977416, 0, 1, 0, 0.977416, 0, 0.211325, 2.419, -14.62, 23.24)

[node name="Pipe1" parent="Pipes" instance=ExtResource("15_aupjh")]
transform = Transform3D(-4.37114e-08, 0, 1, 0, 1, 0, -1, 0, -4.37114e-08, -9.17144, -20.9017, -15.0692)

[node name="Pipe2" parent="Pipes" instance=ExtResource("15_aupjh")]
transform = Transform3D(2.40455e-08, 0.224951, 0.97437, 8.51821e-08, -0.97437, 0.224951, 1, 7.75899e-08, -4.25911e-08, -12.988, 21.957, 30.702)

[node name="Cursor Manager" type="Node" parent="."]
script = ExtResource("20_rgvsj")
cursor = ExtResource("21_5jwbr")
cursor_down = ExtResource("22_cxslk")

[connection signal="timeout" from="GameManager/Timer" to="GameManager" method="_on_timer_timeout"]
[connection signal="play_clicked" from="MainMenu" to="GameManager" method="start_game"]
[connection signal="emergency_btn_clicked" from="EmergencyButton" to="GameManager" method="_on_emergency_button_emergency_btn_clicked"]
